0 0.234792 0.626345 0.167362 0.0773998
0 0.385069 0.692935 0.127778 0.0843317
0 0.633191 0.65812 0.0968514 0.0610665
0 0.420957 0.470734 0.229943 0.0725347
0 0.482457 0.57211 0.201951 0.0505317
0 0.0758971 0.60638 0.151794 0.0974526
0 0.625884 0.545752 0.0807111 0.0612898
0 0.507867 0.689978 0.119413 0.0969235
0 0.403122 0.249595 0.176844 0.0791381
0 0.0539393 0.387257 0.10765 0.0993901
0 0.228419 0.704683 0.156273 0.0787334
0 0.977711 0.580409 0.0445743 0.0352
0 0.710402 0.693192 0.0542777 0.0550065
0 0.935098 0.584947 0.0419591 0.0377216
0 0.0261011 0.0888568 0.0521147 0.160246
