0 0.328197 0.226161 0.150116 0.0647963
0 0.805549 0.403644 0.136032 0.0539914
0 0.318422 0.131275 0.1403 0.0578542
0 0.20211 0.229125 0.106834 0.0570265
0 0.236433 0.401034 0.192037 0.0609746
0 0.422688 0.289899 0.158545 0.0451675
0 0.263572 0.457614 0.134369 0.0550006
0 0.726752 0.291504 0.259494 0.0639454
0 0.0406441 0.445746 0.0611238 0.040719
0 0.623703 0.457093 0.0741929 0.037884
0 0.166394 0.459322 0.0637265 0.0482342
0 0.979508 0.444577 0.0409847 0.0839949
0 0.776724 0.462109 0.0870707 0.0507296
