0 0.555504 0.511933 0.25555 0.0909747
0 0.505315 0.709723 0.164156 0.0612936
0 0.361869 0.526141 0.114574 0.0662337
0 0.345734 0.722913 0.132818 0.0827228
0 0.862594 0.354556 0.112594 0.0401211
0 0.506812 0.356113 0.128427 0.0426686
0 0.943359 0.661132 0.113281 0.0616515
0 0.236654 0.651699 0.103693 0.0599922
0 0.764565 0.536372 0.149449 0.0457661
0 0.162916 0.392504 0.118813 0.0458079
0 0.628659 0.653431 0.0644056 0.0586292
0 0.510328 0.659455 0.176682 0.047408
0 0.633964 0.709542 0.065429 0.0574596
0 0.230569 0.710164 0.103263 0.0582201
0 0.759455 0.700591 0.100463 0.0637747
0 0.688918 0.355004 0.0535972 0.0399108
0 0.926057 0.538599 0.147324 0.0495679
0 0.771526 0.752045 0.108724 0.0428042
0 0.0619094 0.721473 0.0656835 0.0376687
0 0.249508 0.544574 0.105661 0.0384294
0 0.032192 0.493988 0.0643841 0.049541
