0 0.558704 0.171608 0.254292 0.0609518
0 0.0754845 0.388271 0.150969 0.0926167
0 0.271714 0.174826 0.163511 0.0607258
0 0.251558 0.242359 0.103533 0.0598674
0 0.135539 0.171214 0.107048 0.0612075
0 0.820455 0.240805 0.0978342 0.0561956
0 0.440104 0.242845 0.0962935 0.0644059
0 0.835869 0.426182 0.123061 0.0763341
0 0.87692 0.179728 0.0699194 0.0487876
0 0.762177 0.97458 0.0798196 0.0389236
0 0.624595 0.3708 0.137068 0.0912096
0 0.406448 0.414646 0.17552 0.065143
0 0.792861 0.342703 0.0770503 0.032237
