0 0.768049 0.329867 0.317614 0.0851457
0 0.396177 0.273907 0.181515 0.079501
0 0.175439 0.327388 0.122601 0.0579733
0 0.550353 0.469292 0.107407 0.0772593
0 0.0729743 0.390209 0.14093 0.0538521
0 0.415146 0.467014 0.116315 0.0782633
0 0.245098 0.434308 0.12247 0.0560637
0 0.102444 0.442185 0.0589696 0.0525024
0 0.40139 0.0938139 0.17897 0.0733979
0 0.819043 0.425911 0.143205 0.0677604
0 0.97104 0.479498 0.0579195 0.0578335
0 0.158344 0.435496 0.0519519 0.0588442
0 0.832522 0.492437 0.204496 0.0455552
0 0.0313803 0.475475 0.0625471 0.0473879
0 0.252376 0.38377 0.0614696 0.0430879
0 0.661778 0.419334 0.0880019 0.0649978
