0 0.327543 0.772216 0.332918 0.0667332
0 0.539375 0.527766 0.388175 0.0644107
0 0.246072 0.14541 0.0512719 0.127068
0 0.514415 0.439321 0.375921 0.0734485
0 0.807476 0.694669 0.125521 0.0982201
0 0.93426 0.708802 0.131481 0.0700928
0 0.41879 0.283348 0.249924 0.0480391
0 0.628392 0.292519 0.169529 0.0480167
0 0.182061 0.511297 0.188862 0.053237
0 0.605217 0.214316 0.208079 0.0734113
0 0.365295 0.641723 0.0217781 0.182912
0 0.0223006 0.772029 0.0446013 0.0706711
0 0.0618163 0.631827 0.0871796 0.079487
