0 0.566574 0.382499 0.0696275 0.0511398
0 0.14131 0.508947 0.0463857 0.0288919
0 0.270557 0.494339 0.0422026 0.0395459
0 0.0827412 0.38945 0.0507958 0.0647187
0 0.648305 0.585364 0.0470105 0.0287458
0 0.450961 0.581585 0.029004 0.0289713
0 0.470296 0.462889 0.0428486 0.0325519
0 0.417271 0.581935 0.0378465 0.0294982
0 0.57118 0.58339 0.0623534 0.0274109
0 0.0820063 0.493335 0.0631317 0.0384414
0 0.0214533 0.37602 0.0388545 0.0333777
0 0.694764 0.581779 0.0470497 0.0288664
0 0.143006 0.589424 0.0548076 0.0283366
0 0.666184 0.491668 0.0991966 0.0318767
0 0.6888 0.410007 0.0376797 0.0272842
0 0.463656 0.490555 0.0440082 0.0238468
0 0.0222165 0.475194 0.0402398 0.0288378
0 0.347688 0.50381 0.0243362 0.0253547
0 0.57603 0.552574 0.0782679 0.0368007
0 0.416279 0.4028 0.0332701 0.0281618
0 0.409982 0.468834 0.0269278 0.0280605
0 0.36338 0.417523 0.0597673 0.0278745
0 0.647633 0.559171 0.0432571 0.0270397
0 0.26708 0.417134 0.0362331 0.0271593
0 0.690556 0.382821 0.0382616 0.0260344
0 0.638087 0.37573 0.0240544 0.0296059
0 0.379505 0.472226 0.0345149 0.0257671
0 0.763072 0.504768 0.032862 0.0318184
0 0.757423 0.390936 0.0396491 0.0280973
0 0.0254806 0.509015 0.0416984 0.0267489
0 0.144604 0.417744 0.0285752 0.0308363
0 0.19278 0.508536 0.0326352 0.0283392
